JADWAL ALARM PONDOK PESANTREN 
FATIHUL ULUM AL-MAHFUDZ


0:25,1,1,9,0,0,0,0,0,0
5:15,2,3,0,0,0,4,0,0,0
6:15,3,3,0,0,0,4,0,0,0
6:25,2,5,1,2,3,4,5,0,7
6:55,4,2,1,2,3,4,5,0,7
8:30,7,2,1,2,3,4,5,0,7
8:55,5,2,1,2,3,4,5,0,7
10:30,8,2,1,2,3,4,5,0,7
10:55,6,2,1,2,3,4,5,0,7
12:30,9,2,1,2,3,4,5,0,7
12:45,10,3,1,2,3,4,5,0,7
13:0,10,5,1,2,3,4,5,0,7
15:5,10,3,1,2,3,4,5,6,7
16:15,10,3,1,2,3,4,5,0,7
16:55,11,1,1,2,3,4,0,6,7
17:20,10,3,1,2,3,4,0,6,7
17:30,10,3,0,0,0,0,5,0,0
17:55,10,3,1,0,3,4,5,6,7
18:0,10,3,0,2,0,0,0,0,0
18:15,10,4,0,2,0,0,0,0,0
19:5,10,3,1,2,3,4,0,6,7
19:30,10,5,1,2,3,4,0,6,7
20:45,10,4,1,0,3,4,0,6,7
21:25,10,4,1,0,3,4,0,6,7
21:30,10,5,0,2,0,0,0,0,0
22:1,10,3,1,0,3,4,0,6,7
22:10,10,3,1,0,3,4,0,6,7
23:0,10,3,1,0,3,4,0,6,7
23:30,10,4,1,2,3,4,5,6,7
